block 444 == AD 03	941  4 times
block 479 == 01 2D	301  1 time

block 444 change to 09 03	777
block 479 change to F4 01	500

777	0390	90 03
500	01F4	F4 01
529	0211	11 02
528	0210	10 02
527	020F	0F 02
526	020E	0E 02
525	020D	0D 02
524	020C	0C 02
523	020B	0B 02
522	020A	0A 02

941	03AD	AD 03
954	03BA	BA 03	
305	0131	31 01
352	0160	60 01
407	0197	97 01
561	0231	31 02
813	032D	2D 03
904	0388	88 03
850	0352	52 03



00 40 0A 08 08 0A 00 02 0A 00 02 77 03 7A 03 C2 03 7A 04 00 06 0C 2E 14 
AD 03 01 0A 00 01 01 
AD 03 01 12 03 01 
AD 03 01 13 03 01 
BA 03 01 13 03 00 01 
31 01 03 1A 03 00 01 
60 01 03 1A 03 00 01 
97 01 02 1A 03 00 01 
31 02 01 1A 03 00 01 
2D 03 04 0B 03 00 01 
88 03 01 13 03 00 01 
52 03 01 13 03 00 01 
09 03 01 25 03 00 01 
05 1E 00 02 
05 1E 00 02 
05 1E 00 02 05 1E 00 02 05 1E 00 02 05 1E 00 02 05 1E 00 02 05 1E 00 02 05 1E 00 02 05 1E 00 02 05 1E




00 40 0A 08 
08 0A 00 02 
0A 00 02 77 
03 7A 03 C2 
03 7A 04 00 
06 0C 2E 15 

09 03 01 0A 00 01 01 
09 03 01 12 03 01 
09 03 01 25 03 00 01 
BA 03 01 13 03 00 01 
31 01 03 13 03 00 01 
60 01 04 13 03 00 01 
97 01 03 13 03 00 01 
31 02 01 1A 03 00 01 
2D 03 03 00 03 
2D 03 01 0B 03 00 01 
88 03 01 13 03 00 01 
52 03 01 13 03 00 01 
05 1E 00 02
05 1E 00 02 
05 1E 00 02 
05 1E 00 02 05 1E 00 02 05 1E 00 02 05 1E 00 02 05 1E 00 02 05 1E 00 02 05 1E 00 02



1B 1B 1B 1B 1B 1B 1B 1B 1B 1B 1B 1B 1B 1B 1B 1B 1B 1B 1B 1B 1B 1B 1B 1B 1B 1B 1B 1B 1B 1B 1B 1B 1B 1B 1B 1B 1B 1B 1B 1B 1B 1B 1B 1B 
00 40 0A 08 08 0A 00 02 0A 00 02 77 03 7A 03 C2 03 7A 04 00 06 0C 2E 15 
09 03 01 0A 00 01 01 
09 03 01 12 03 01 
09 03 01 25 03 00 01 
BA 03 01 13 03 00 01 
31 01 03 13 03 00 01 
60 01 04 13 03 00 01 
97 01 03 13 03 00 01 
31 02 01 1A 03 00 01 
2D 03 03 00 03 
2D 03 01 0B 03 00 01 
88 03 01 13 03 00 01 
52 03 01 13 03 00 01 
05 1E 00 02 
05 1E 00 02 
05 1E 00 02 
05 1E 00 02 05 1E 00 02 05 1E 00 02 05 1E 00 02 05 1E 00 02 05 1E 00 02 05 1E 00 02 05 1E 00 02 05 1E 00 02 05 1E 00 02 05 1E 00 02 05 1E 00 02 05 1E 00 02 05 1E 00 02 05 1E 00 02 05 1E 00 02 05 1E 00 02 05 1E 00 02 05 1E 00 02 05 1E 00 02 05 1E 00 02 05 1E 00 02 05 1E 00 02 05 1E 00




00 40 0A 08 08 0A 00 02 0A 00 02 77 03 7A 03 9E 03 56 04 00 06 06 2E 11 
09 03 01 0A 00 01 01 
09 03 01 12 03 01 
09 03 01 13 03 00 01 
F4 01 04 00 03 
F4 01 09 13 03 00 01 
F4 01 01 13 03 00 01 
05 1E 00 02 
05 1E 00 02 
05 1E 00 02 05 1E 00 02 05 1E 00

Identifier (Hex)	Identifier (Dec)	Fields
AD 03	941	01 0A 00 01, 01 AD 03 01, 12 03 01, AD 03 01, 13 03 01
BA 03	954	01 13 03 00, 01 31 01 03, 1A 03 00, 01 60 01 03
31 02	305	1A 03 00, 01 2D 03 04, 0B 03 00, 01 88 03 01
52 03	850	13 03 00, 01 09 03 01, 25 03 00, 01 05 1E 00
88 03	904	01 13 03 00, 01 52 03 01, 13 03 00, 01 09 03 01
Repeated Padding	N/A	05 1E 00 02 (repeated multiple times, possibly as padding or alignment)